2954081589	890474974	65535	5555	6	268439552	3
2954081588	1484430176	65535	1521	6	268439552	1
2954081589	2954081056	0	27400	6	512	2
2954081569	1519458210	0	1550	6	512	0
2954081589	890474974	65535	5555	6	268439552	3
2954081569	1519458210	65535	1550	6	512	0
2954081588	1484430176	0	1521	6	268439552	1
2954081589	2954081056	65535	27400	6	512	2
2954081589	3074105292	0	1717	6	512	4
2954081588	1484430176	65535	1521	6	268439552	1
2954081589	2954081056	0	27400	6	512	2
2954081589	2954081056	0	27400	6	512	2
2954081569	1519458210	0	1550	6	512	0
2954081589	3074105292	0	1717	6	512	4
2954081589	890474974	65535	5555	6	268439552	3
2954081588	1484430176	0	1521	6	268439552	1
2954081569	1519458210	65535	1550	6	512	0
2954081588	1484430176	65535	1521	6	268439552	1
2954081589	2954081056	0	27400	6	512	2
2954081588	1484430176	65535	1521	6	268439552	1
2954081588	1484430176	65535	1521	6	268439552	1
2954081589	890474974	0	5555	6	268439552	3
2954081589	2954081056	0	27400	6	512	2
2954081589	3074105292	0	1717	6	512		4
2954081589	2954081056	0	27400	6	512	2
2954081569	1519458210	65535	1550	6	512	0
2954081589	2954081056	0	27400	6	512	2
2954081589	890474974	65535	5555	6	268439552	3
2954081589	2954081056	0	27400	6	512	2
2954081569	1519458210	65535	1550	6	512	0
2954081589	3074105292	65535	1717	6	512	4
2954081589	2954081056	65535	27400	6	512	2
2954081589	2954081056	65535	27400	6	512	2
2954081589	890474974	0	5555	6	268439552	3
2954081589	3074105292	0	1717	6	512	4
2954081589	2954081056	65535	27400	6	512	2
2954081589	890474974	65535	5555	6	268439552	3
2954081588	1484430176	65535	1521	6	268439552	1
2954081588	1484430176	0	1521	6	268439552	1
2954081589	2954081056	0	27400	6	512	2
2954081589	3074105292	65535	1717	6	512	4
2954081589	890474974	0	5555	6	268439552	3
2954081588	1484430176	65535	1521	6	268439552	1
2954081589	3074105292	65535	1717	6	512	4
2954081589	3074105292	65535	1717	6	512	4
2954081589	2954081056	0	27400	6	512	2
2954081589	890474974	0	5555	6	268439552	3
2954081589	3074105292	65535	1717	6	512	4
2954081569	1519458210	0	1550	6	512	0
2954081569	1519458210	0	1550	6	512	0
2954081589	890474974	0	5555	6	268439552	3
2954081588	1484430176	65535	1521	6	268439552	1
2954081588	1484430176	0	1521	6	268439552	1
2954081569	1519458210	0	1550	6	512	0
2954081588	1484430176	0	1521	6	268439552	1
2954081589	890474974	0	5555	6	268439552	3
2954081589	2954081056	65535	27400	6	512	2
2954081569	1519458210	65535	1550	6	512	0
2954081588	1484430176	0	1521	6	268439552	1
2954081588	1484430176	65535	1521	6	268439552	1
2954081569	1519458210	65535	1550	6	512	0
2954081569	1519458210	0	1550	6	512	0
2954081589	3074105292	65535	1717	6	512	4
2954081589	2954081056	0	27400	6	512	2
2954081588	1484430176	0	1521	6	268439552	1
2954081569	1519458210	65535	1550	6	512	0
2954081588	1484430176	65535	1521	6	268439552	1
2954081589	3074105292	65535	1717	6	512	4
2954081589	890474974	0	5555	6	268439552	3
2954081589	2954081056	65535	27400	6	512	2
2954081589	3074105292	65535	1717	6	512	4
2954081569	1519458210	0	1550	6	512	0
2954081589	2954081056	65535	27400	6	512	2
2954081569	1519458210	65535	1550	6	512	0
2954081589	3074105292	0	1717	6	512	4
2954081589	2954081056	65535	27400	6	512	2
2954081589	3074105292	65535	1717	6	512	4
2954081589	3074105292	65535	1717	6	512	4
2954081589	890474974	65535	5555	6	268439552	3
2954081569	1519458210	0	1550	6	512	0
2954081589	2954081056	0	27400	6	512	2
2954081589	890474974	0	5555	6	268439552	3
2954081588	1484430176	0	1521	6	268439552	1
2954081589	890474974	65535	5555	6	268439552	3
2954081589	890474974	0	5555	6	268439552	3
2954081589	3074105292	0	1717	6	512	4
2954081589	890474974	65535	5555	6	268439552	3
2954081588	1484430176	0	1521	6	268439552	1
2954081589	3074105292	65535	1717	6	512	4
2954081589	3074105292	65535	1717	6	512	4
2954081589	2954081056	65535	27400	6	512	2
2954081569	1519458210	0	1550	6	512	0
2954081588	1484430176	65535	1521	6	268439552	1
2954081589	890474974	65535	5555	6	268439552	3
2954081589	3074105292	65535	1717	6	512	4
2954081589	2954081056	65535	27400	6	512	2
2954081588	1484430176	0	1521	6	268439552	1
2954081588	1484430176	65535	1521	6	268439552	1
2954081589	3074105292	0	1717	6	512	4
2954081589	3074105292	65535	1717	6	512	4
2954081569	1519458210	0	1550	6	512	0
2954081569	1519458210	65535	1550	6	512	0
2954081589	3074105292	0	1717	6	512	4
2954081589	890474974	0	5555	6	268439552	3
2954081589	2954081056	0	27400	6	512	2
2954081588	1484430176	65535	1521	6	268439552	1
2954081589	2954081056	65535	27400	6	512	2
2954081589	2954081056	0	27400	6	512	2
2954081589	2954081056	0	27400	6	512	2
2954081589	2954081056	0	27400	6	512	2
2954081589	2954081056	0	27400	6	512	2
2954081588	1484430176	0	1521	6	268439552	1
2954081588	1484430176	0	1521	6	268439552	1
2954081569	1519458210	0	1550	6	512	0
2954081588	1484430176	0	1521	6	268439552	1
2954081588	1484430176	65535	1521	6	268439552	1
2954081569	1519458210	0	1550	6	512	0
2954081589	3074105292	0	1717	6	512	4
2954081589	3074105292	65535	1717	6	512	4
2954081589	3074105292	0	1717	6	512	4
2954081569	1519458210	0	1550	6	512	0
2954081589	3074105292	0	1717	6	512	4
2954081588	1484430176	65535	1521	6	268439552	1
2954081589	2954081056	65535	27400	6	512	2
2954081589	2954081056	0	27400	6	512	2
2954081588	1484430176	65535	1521	6	268439552	1
2954081588	1484430176	65535	1521	6	268439552	1
2954081569	1519458210	65535	1550	6	512	0
2954081589	3074105292	65535	1717	6	512	4
2954081589	2954081056	0	27400	6	512	2
2954081589	2954081056	0	27400	6	512	2
2954081588	1484430176	0	1521	6	268439552	1
2954081589	2954081056	65535	27400	6	512	2
2954081589	890474974	65535	5555	6	268439552	3
2954081588	1484430176	0	1521	6	268439552	1
2954081569	1519458210	0	1550	6	512	0
2954081588	1484430176	0	1521	6	268439552	1
2954081589	890474974	65535	5555	6	268439552	3
2954081589	3074105292	65535	1717	6	512	4
2954081589	3074105292	0	1717	6	512	4
2954081589	890474974	65535	5555	6	268439552	3
2954081588	1484430176	0	1521	6	268439552	1
2954081589	2954081056	0	27400	6	512	2
2954081589	3074105292	0	1717	6	512	4
2954081589	890474974	0	5555	6	268439552	3
2954081589	3074105292	65535	1717	6	512	4
2954081569	1519458210	0	1550	6	512	0
2954081589	890474974	0	5555	6	268439552	3
2954081589	890474974	0	5555	6	268439552	3
2954081569	1519458210	65535	1550	6	512	0
2954081569	1519458210	0	1550	6	512	0
2954081589	3074105292	0	1717	6	512	4
2954081588	1484430176	65535	1521	6	268439552	1
2954081589	890474974	0	5555	6	268439552	3
2954081589	890474974	0	5555	6	268439552	3
2954081569	1519458210	65535	1550	6	512	0
2954081588	1484430176	0	1521	6	268439552	1
2954081588	1484430176	0	1521	6	268439552	1
2954081588	1484430176	0	1521	6	268439552	1
2954081569	1519458210	0	1550	6	512	0
2954081589	3074105292	0	1717	6	512	4
2954081589	890474974	65535	5555	6	268439552	3
2954081589	3074105292	65535	1717	6	512	4
2954081589	890474974	0	5555	6	268439552	3
2954081588	1484430176	65535	1521	6	268439552	1
2954081569	1519458210	0	1550	6	512	0
2954081589	890474974	0	5555	6	268439552	3
2954081569	1519458210	0	1550	6	512	0
2954081589	3074105292	65535	1717	6	512	4
2954081589	3074105292	65535	1717	6	512	4
2954081589	3074105292	65535	1717	6	512	4
2954081589	3074105292	65535	1717	6	512	4
2954081589	2954081056	65535	27400	6	512	2
2954081588	1484430176	65535	1521	6	268439552	1
2954081589	890474974	65535	5555	6	268439552	3
2954081588	1484430176	0	1521	6	268439552	1
2954081589	2954081056	65535	27400	6	512	2
2954081569	1519458210	65535	1550	6	512	0
2954081589	3074105292	65535	1717	6	512	4
2954081588	1484430176	65535	1521	6	268439552	1
2954081589	2954081056	65535	27400	6	512	2
2954081588	1484430176	65535	1521	6	268439552	1
2954081589	2954081056	65535	27400	6	512	2
2954081589	890474974	65535	5555	6	268439552	3
2954081569	1519458210	0	1550	6	512	0
2954081589	2954081056	0	27400	6	512	2
2954081589	3074105292	65535	1717	6	512	4
2954081588	1484430176	65535	1521	6	268439552	1
2954081589	890474974	0	5555	6	268439552	3
2954081569	1519458210	65535	1550	6	512	0
2954081589	3074105292	65535	1717	6	512	4
2954081589	2954081056	65535	27400	6	512	2
2954081569	1519458210	65535	1550	6	512	0
2954081589	890474974	0	5555	6	268439552	3
2954081589	890474974	0	5555	6	268439552	3
2954081589	890474974	0	5555	6	268439552	3
2954081589	890474974	0	5555	6	268439552	3
2954081588	1484430176	65535	1521	6	268439552	1
2954081589	890474974	0	5555	6	268439552	3
2954081589	3074105292	65535	1717	6	512	4
2954081588	1484430176	0	1521	6	268439552	1
2954081589	3074105292	0	1717	6	512	4
2954081589	890474974	0	5555	6	268439552	3
2954081589	890474974	65535	5555	6	268439552	3
2954081589	890474974	0	5555	6	268439552	3
2954081589	890474974	0	5555	6	268439552	3
2954081588	1484430176	0	1521	6	268439552	1
2954081569	1519458210	0	1550	6	512	0
2954081589	3074105292	0	1717	6	512	4
2954081589	890474974	65535	5555	6	268439552	3
2954081589	890474974	65535	5555	6	268439552	3
2954081589	890474974	0	5555	6	268439552	3
2954081589	3074105292	0	1717	6	512	4
2954081589	2954081056	65535	27400	6	512	2
2954081589	2954081056	0	27400	6	512	2
2954081588	1484430176	65535	1521	6	268439552	1
2954081589	3074105292	65535	1717	6	512	4
2954081589	890474974	0	5555	6	268439552	3
2954081569	1519458210	0	1550	6	512	0
2954081589	890474974	65535	5555	6	268439552	3
2954081569	1519458210	65535	1550	6	512	0
2954081589	3074105292	65535	1717	6	512	4
2954081589	2954081056	0	27400	6	512	2
2954081569	1519458210	65535	1550	6	512	0
2954081589	3074105292	0	1717	6	512	4
2954081569	1519458210	65535	1550	6	512	0
2954081569	1519458210	65535	1550	6	512	0
2954081589	3074105292	0	1717	6	512	4
2954081589	3074105292	65535	1717	6	512	4
2954081588	1484430176	65535	1521	6	268439552	1
2954081589	3074105292	65535	1717	6	512	4
2954081589	2954081056	65535	27400	6	512	2
2954081589	2954081056	0	27400	6	512	2
2954081589	3074105292	0	1717	6	512	4
2954081589	2954081056	0	27400	6	512	2
2954081589	2954081056	65535	27400	6	512	2
2954081569	1519458210	65535	1550	6	512	0
2954081589	3074105292	0	1717	6	512	4
2954081589	890474974	65535	5555	6	268439552	3
2954081588	1484430176	65535	1521	6	268439552	1
2954081589	2954081056	65535	27400	6	512	2
2954081589	890474974	0	5555	6	268439552	3
2954081589	3074105292	65535	1717	6	512	4
2954081589	890474974	65535	5555	6	268439552	3
2954081588	1484430176	0	1521	6	268439552	1
2954081589	890474974	0	5555	6	268439552	3
2954081569	1519458210	0	1550	6	512	0
2954081589	2954081056	65535	27400	6	512	2
2954081588	1484430176	65535	1521	6	268439552	1
2954081569	1519458210	65535	1550	6	512	0
2954081569	1519458210	65535	1550	6	512	0
2954081588	1484430176	65535	1521	6	268439552	1
2954081588	1484430176	0	1521	6	268439552	1
2954081569	1519458210	65535	1550	6	512	0
2954081589	890474974	65535	5555	6	268439552	3
2954081569	1519458210	65535	1550	6	512	0
2954081569	1519458210	0	1550	6	512	0
2954081588	1484430176	0	1521	6	268439552	1
2954081589	3074105292	65535	1717	6	512	4
2954081588	1484430176	0	1521	6	268439552	1
2954081589	2954081056	65535	27400	6	512	2
2954081569	1519458210	65535	1550	6	512	0
2954081589	890474974	0	5555	6	268439552	3
2954081588	1484430176	65535	1521	6	268439552	1
2954081589	2954081056	0	27400	6	512	2
2954081589	890474974	0	5555	6	268439552	3
2954081589	3074105292	65535	1717	6	512	4
2954081589	2954081056	0	27400	6	512	2
2954081589	2954081056	0	27400	6	512	2
2954081589	3074105292	65535	1717	6	512	4
2954081569	1519458210	65535	1550	6	512	0
2954081588	1484430176	0	1521	6	268439552	1
2954081589	2954081056	0	27400	6	512	2
2954081589	3074105292	0	1717	6	512	4
2954081589	3074105292	0	1717	6	512	4
2954081569	1519458210	65535	1550	6	512	0
2954081589	890474974	0	5555	6	268439552	3
2954081588	1484430176	0	1521	6	268439552	1
2954081589	890474974	0	5555	6	268439552	3
2954081588	1484430176	65535	1521	6	268439552	1
2954081588	1484430176	65535	1521	6	268439552	1
2954081569	1519458210	0	1550	6	512	0
2954081589	890474974	0	5555	6	268439552	3
2954081589	3074105292	0	1717	6	512	4
2954081569	1519458210	65535	1550	6	512	0
2954081589	890474974	0	5555	6	268439552	3
2954081589	3074105292	65535	1717	6	512	4
2954081588	1484430176	0	1521	6	268439552	1
2954081589	3074105292	0	1717	6	512	4
2954081588	1484430176	65535	1521	6	268439552	1
2954081589	3074105292	65535	1717	6	512	4
2954081589	890474974	0	5555	6	268439552	3
2954081589	890474974	65535	5555	6	268439552	3
2954081589	890474974	65535	5555	6	268439552	3
2954081569	1519458210	0	1550	6	512	0
2954081569	1519458210	65535	1550	6	512	0
2954081588	1484430176	0	1521	6	268439552	1
2954081588	1484430176	0	1521	6	268439552	1
2954081589	3074105292	0	1717	6	512	4
2954081569	1519458210	65535	1550	6	512	0
2954081569	1519458210	0	1550	6	512	0
2954081589	3074105292	0	1717	6	512	4
2954081588	1484430176	0	1521	6	268439552	1
2954081589	2954081056	65535	27400	6	512	2
2954081588	1484430176	65535	1521	6	268439552	1
2954081589	2954081056	0	27400	6	512	2
2954081569	1519458210	0	1550	6	512	0
2954081588	1484430176	65535	1521	6	268439552	1
2954081589	3074105292	65535	1717	6	512	4
2954081589	890474974	0	5555	6	268439552	3
2954081589	2954081056	0	27400	6	512	2
2954081589	2954081056	65535	27400	6	512	2
2954081589	890474974	0	5555	6	268439552	3
2954081589	2954081056	65535	27400	6	512	2
2954081589	3074105292	0	1717	6	512	4
2954081589	3074105292	0	1717	6	512	4
2954081588	1484430176	0	1521	6	268439552	1
2954081569	1519458210	65535	1550	6	512	0
2954081589	2954081056	0	27400	6	512	2
2954081589	2954081056	65535	27400	6	512	2
2954081588	1484430176	0	1521	6	268439552	1
2954081588	1484430176	65535	1521	6	268439552	1
2954081589	890474974	65535	5555	6	268439552	3
2954081589	2954081056	65535	27400	6	512	2
2954081588	1484430176	65535	1521	6	268439552	1
2954081569	1519458210	0	1550	6	512	0
2954081589	3074105292	0	1717	6	512	4
2954081589	3074105292	0	1717	6	512	4
2954081588	1484430176	0	1521	6	268439552	1
2954081589	3074105292	65535	1717	6	512	4
2954081589	3074105292	0	1717	6	512	4
2954081588	1484430176	65535	1521	6	268439552	1
2954081569	1519458210	0	1550	6	512	0
2954081589	2954081056	65535	27400	6	512	2
2954081569	1519458210	65535	1550	6	512	0
2954081589	890474974	0	5555	6	268439552	3
2954081589	2954081056	65535	27400	6	512	2
2954081569	1519458210	0	1550	6	512	0
2954081589	3074105292	65535	1717	6	512	4
2954081589	890474974	0	5555	6	268439552	3
2954081569	1519458210	0	1550	6	512	0
2954081589	3074105292	65535	1717	6	512	4
2954081589	2954081056	65535	27400	6	512	2
2954081589	3074105292	65535	1717	6	512	4
2954081588	1484430176	65535	1521	6	268439552	1
2954081588	1484430176	65535	1521	6	268439552	1
2954081569	1519458210	0	1550	6	512	0
2954081589	3074105292	0	1717	6	512	4
2954081589	2954081056	0	27400	6	512	2
2954081589	2954081056	0	27400	6	512	2
2954081589	2954081056	0	27400	6	512	2
2954081569	1519458210	0	1550	6	512	0
2954081569	1519458210	65535	1550	6	512	0
2954081569	1519458210	0	1550	6	512	0
2954081589	2954081056	65535	27400	6	512	2
2954081589	3074105292	65535	1717	6	512	4
2954081569	1519458210	0	1550	6	512	0
2954081589	2954081056	65535	27400	6	512	2
2954081589	890474974	0	5555	6	268439552	3
2954081589	890474974	65535	5555	6	268439552	3
2954081589	890474974	0	5555	6	268439552	3
2954081569	1519458210	0	1550	6	512	0
2954081589	3074105292	0	1717	6	512	4
2954081569	1519458210	0	1550	6	512	0
2954081589	3074105292	65535	1717	6	512	4
2954081588	1484430176	0	1521	6	268439552	1
2954081589	3074105292	0	1717	6	512	4
2954081588	1484430176	65535	1521	6	268439552	1
2954081589	2954081056	65535	27400	6	512	2
2954081569	1519458210	65535	1550	6	512	0
2954081589	3074105292	65535	1717	6	512	4
2954081589	3074105292	0	1717	6	512	4
2954081589	3074105292	0	1717	6	512	4
2954081589	3074105292	65535	1717	6	512	4
2954081589	890474974	0	5555	6	268439552	3
2954081588	1484430176	65535	1521	6	268439552	1
2954081569	1519458210	65535	1550	6	512	0
2954081569	1519458210	65535	1550	6	512	0
2954081569	1519458210	65535	1550	6	512	0
2954081589	2954081056	0	27400	6	512	2
2954081589	3074105292	65535	1717	6	512	4
2954081589	3074105292	65535	1717	6	512	4
2954081589	890474974	65535	5555	6	268439552	3
2954081569	1519458210	0	1550	6	512	0
2954081588	1484430176	65535	1521	6	268439552	1
2954081589	2954081056	0	27400	6	512	2
2954081589	3074105292	65535	1717	6	512	4
2954081589	890474974	65535	5555	6	268439552	3
2954081588	1484430176	0	1521	6	268439552	1
2954081589	3074105292	65535	1717	6	512	4
2954081588	1484430176	65535	1521	6	268439552	1
2954081589	3074105292	65535	1717	6	512	4
2954081589	3074105292	0	1717	6	512	4
2954081589	2954081056	65535	27400	6	512	2
2954081589	2954081056	65535	27400	6	512	2
2954081588	1484430176	0	1521	6	268439552	1
2954081589	3074105292	0	1717	6	512	4
2954081588	1484430176	65535	1521	6	268439552	1
2954081589	2954081056	0	27400	6	512	2
2954081589	890474974	0	5555	6	268439552	3
2954081589	890474974	65535	5555	6	268439552	3
2954081589	3074105292	65535	1717	6	512	4
2954081589	2954081056	65535	27400	6	512	2
2954081589	890474974	65535	5555	6	268439552	3
2954081589	890474974	0	5555	6	268439552	3
2954081589	890474974	65535	5555	6	268439552	3
2954081588	1484430176	65535	1521	6	268439552	1
2954081589	890474974	0	5555	6	268439552	3
2954081589	890474974	0	5555	6	268439552	3
2954081589	890474974	0	5555	6	268439552	3
2954081589	890474974	0	5555	6	268439552	3
2954081589	890474974	65535	5555	6	268439552	3
2954081589	890474974	0	5555	6	268439552	3
2954081589	890474974	0	5555	6	268439552	3
2954081569	1519458210	65535	1550	6	512	0
2954081589	3074105292	0	1717	6	512	4
2954081589	2954081056	65535	27400	6	512	2
2954081588	1484430176	65535	1521	6	268439552	1
2954081589	890474974	0	5555	6	268439552	3
2954081589	3074105292	65535	1717	6	512	4
2954081569	1519458210	65535	1550	6	512	0
2954081588	1484430176	0	1521	6	268439552	1
2954081589	890474974	65535	5555	6	268439552	3
2954081589	2954081056	65535	27400	6	512	2
2954081589	3074105292	0	1717	6	512	4
2954081569	1519458210	0	1550	6	512	0
2954081589	890474974	65535	5555	6	268439552	3
2954081589	890474974	0	5555	6	268439552	3
2954081589	890474974	65535	5555	6	268439552	3
2954081589	2954081056	0	27400	6	512	2
2954081589	890474974	65535	5555	6	268439552	3
2954081589	2954081056	65535	27400	6	512	2
2954081588	1484430176	0	1521	6	268439552	1
2954081569	1519458210	0	1550	6	512	0
2954081589	2954081056	65535	27400	6	512	2
2954081588	1484430176	65535	1521	6	268439552	1
2954081569	1519458210	65535	1550	6	512	0
2954081589	890474974	0	5555	6	268439552	3
2954081589	2954081056	0	27400	6	512	2
2954081589	3074105292	65535	1717	6	512	4
2954081588	1484430176	65535	1521	6	268439552	1
2954081569	1519458210	65535	1550	6	512	0
2954081589	3074105292	65535	1717	6	512	4
2954081588	1484430176	65535	1521	6	268439552	1
2954081569	1519458210	0	1550	6	512	0
2954081589	3074105292	65535	1717	6	512	4
2954081589	890474974	65535	5555	6	268439552	3
2954081589	2954081056	0	27400	6	512	2
2954081569	1519458210	65535	1550	6	512	0
2954081589	890474974	0	5555	6	268439552	3
2954081588	1484430176	65535	1521	6	268439552	1
2954081589	2954081056	65535	27400	6	512	2
2954081589	3074105292	0	1717	6	512	4
2954081589	2954081056	0	27400	6	512	2
2954081589	3074105292	65535	1717	6	512	4
2954081589	890474974	65535	5555	6	268439552	3
2954081589	3074105292	65535	1717	6	512	4
2954081589	2954081056	65535	27400	6	512	2
2954081589	890474974	0	5555	6	268439552	3
2954081589	890474974	65535	5555	6	268439552	3
2954081569	1519458210	0	1550	6	512	0
2954081588	1484430176	65535	1521	6	268439552	1
2954081589	2954081056	0	27400	6	512	2
2954081589	890474974	65535	5555	6	268439552	3
2954081589	3074105292	0	1717	6	512	4
2954081588	1484430176	65535	1521	6	268439552	1
2954081569	1519458210	65535	1550	6	512	0
2954081589	3074105292	0	1717	6	512	4
2954081589	3074105292	65535	1717	6	512	4
2954081589	2954081056	0	27400	6	512	2
2954081569	1519458210	65535	1550	6	512	0
2954081589	2954081056	0	27400	6	512	2
2954081589	3074105292	0	1717	6	512	4
2954081589	3074105292	65535	1717	6	512	4
2954081589	3074105292	0	1717	6	512	4
2954081589	3074105292	0	1717	6	512	4
2954081569	1519458210	65535	1550	6	512	0
2954081589	3074105292	0	1717	6	512	4
2954081589	890474974	65535	5555	6	268439552	3
2954081569	1519458210	65535	1550	6	512	0
2954081589	2954081056	0	27400	6	512	2
2954081569	1519458210	65535	1550	6	512	0
2954081589	890474974	65535	5555	6	268439552	3
2954081588	1484430176	0	1521	6	268439552	1
2954081589	3074105292	0	1717	6	512	4
2954081589	3074105292	0	1717	6	512	4
2954081589	2954081056	0	27400	6	512	2
2954081589	890474974	0	5555	6	268439552	3
2954081589	2954081056	65535	27400	6	512	2
2954081569	1519458210	0	1550	6	512	0
2954081589	890474974	0	5555	6	268439552	3
2954081589	3074105292	0	1717	6	512	4
2954081589	3074105292	0	1717	6	512	4
2954081569	1519458210	65535	1550	6	512	0
2954081589	2954081056	65535	27400	6	512	2
2954081569	1519458210	0	1550	6	512	0
2954081588	1484430176	65535	1521	6	268439552	1
2954081589	3074105292	0	1717	6	512	4
2954081588	1484430176	65535	1521	6	268439552	1
2954081589	2954081056	65535	27400	6	512	2